
0.0
5.42586
5.278510000000001
3.8911300000000013
2.6687500000000015
1.911119999999999
1.6980899999999999
1.4232100000000005
1.3915499999999992
1.7027699999999997
1.5714400000000004
1.64073
1.7709900000000003
1.8044399999999998
1.5870799999999996
1.2244300000000004
1.5389200000000005
1.0172
1.2612199999999998
1.3700800000000002
1.06247
1.2775
1.50265
1.7003199999999996
1.7855799999999993
1.4466999999999999
1.3934999999999997
1.5324399999999994
1.1987899999999998
1.6360899999999998
1.929679999999999
1.5537999999999996
1.2215799999999997
1.5171500000000002
1.3591800000000003
1.13272
1.53046
1.3608000000000002
1.495989999999999
1.5703799999999999
1.1938600000000006
1.1237100000000002
1.2784999999999997
1.52378
1.3344299999999998
1.38224
1.4724100000000002
1.4393099999999999
1.3960899999999996
1.5339899999999995
1.27023
1.2019900000000001
1.4279799999999998
1.0902000000000003
1.13021
0.9069299999999997
1.251
1.496119999999999
1.2260400000000002
1.10333
1.5849699999999998
1.2960399999999999
1.5822899999999986
1.34266
1.5577399999999992
1.4466799999999993
1.4990100000000002
0.9798400000000004
1.1912600000000002
1.1475800000000005
1.0007499999999998
1.3557400000000002
1.3139200000000004
1.5172899999999996
1.19841
1.3920600000000005
1.91601
1.19634
1.1707600000000005
1.4831600000000007
1.1917300000000004
1.30208
1.3310900000000003
1.2043199999999998
1.60415
2.3204799999999994
1.7051999999999998
2.3440699999999994
1.4209800000000001
1.78007
1.7282
2.5832000000000006
2.08913
2.44849
1.6567000000000007
1.9629699999999997
1.9686700000000001
2.7579300000000004
1.3064599999999995
2.0045299999999995
1.856759999999999
1.2126799999999998
2.5053200000000007
1.7699499999999995
1.5775600000000003
1.6765200000000005
1.5760200000000006
1.8798900000000003
1.2344
1.3037200000000002
1.9124799999999995
1.7815800000000008
2.32463
1.3700000000000003
1.6773000000000007
1.67147
2.0338699999999994
1.6271700000000002
1.5879300000000007
1.9166100000000004
2.1493100000000003
2.998879999999998
1.8373400000000004
2.2323799999999996
2.0621899999999993
2.0244700000000013
1.4438800000000003
1.7521399999999994
1.7435899999999998
1.13146
1.6722800000000009
1.50285
1.95637
1.3627599999999997
1.5091999999999999
1.6593899999999993
1.4741499999999998
1.60951
1.08861
1.4289399999999994
1.1804699999999995
1.22877
2.2525899999999996