0.136
0.26
0.294
0.322
0.442
0.46
0.802
0.862
0.664
0.182
0.172
0.126
0.1
0.096
0.132
0.216
0.124
0.138
0.082
0.09
0.214
0.32
0.434
0.216
0.094
0.084
0.08
0.098
0.06
0.192
0.142
0.29
0.296
0.158
0.26
0.292
0.34
0.3
0.338
0.214
0.42
0.508
0.498
0.48
0.278
0.514
0.42
0.404
0.26
0.45
0.612
0.426
0.298
0.462
0.606
0.628
0.692
0.29
0.43
0.404
0.316
0.184
0.24
0.346
0.178
0.076
0.064
0.14
0.378
0.588
0.59
0.396
0.364
0.22
0.134
0.224
0.196
0.2
0.208
0.286
0.268
0.276
0.398
0.202
0.222
0.244
0.164
0.27
0.218
0.264
0.266
0.22
0.146
0.172
0.154
0.23
0.188
0.172
0.31
0.378
0.388
0.232
0.244
0.214
0.176
0.244
0.288
0.18
