
0.0
1.6026599999999995
2.00712
1.6435600000000006
1.4239199999999999
1.21685
0.9067700000000001
0.6779499999999998
0.8202700000000003
0.9668500000000002
0.60296
0.6530400000000001
0.5723699999999998
0.7681000000000003
0.8448799999999999
0.9255600000000004
0.6573500000000004
0.6568700000000003
0.70089
0.7177999999999999
0.5888300000000002
0.6414399999999999
0.7769999999999999
0.55041
0.50259
0.66055
0.98783
0.8796900000000001
0.6087500000000001
0.6921300000000002
0.66891
0.47861
0.5632100000000001
0.8631600000000001
0.87139
0.5809699999999998
0.9068899999999996
0.74959
0.6527399999999995
0.73186
0.5139499999999999
0.5158099999999999
0.53763
0.5999500000000001
0.61216
0.43047
0.8137400000000001
0.47311
0.67545
0.7015399999999998
0.45115999999999984
0.49571999999999994
0.5141799999999999
0.6401299999999999
0.50666
0.7400800000000001
0.66659
0.6793100000000003
0.4903300000000002
0.6977500000000001
0.6152100000000001
0.47168999999999994
0.5063
0.74297
0.58821
0.47369999999999995
0.6783500000000001
0.6396000000000001
0.4740300000000002
0.6174499999999998
0.4369099999999998
0.45994999999999997
0.5385899999999999
0.8462099999999994
0.7056800000000001
0.67501
0.5550799999999999
0.45091999999999993
0.7263800000000002
0.52562
0.6643900000000003
0.5499299999999999
0.9500899999999999
0.8072799999999998
0.8423999999999998
0.6528100000000001
0.8659699999999999
0.7664699999999995
0.9763200000000003
1.1396800000000005
0.9752200000000001
0.7764100000000004
0.8231000000000005
1.11196
0.958
0.8431300000000002
0.8958899999999999
0.4423800000000002
0.7520800000000003
0.8858300000000001
0.36191
0.9195499999999999
0.7152299999999999
0.8453999999999999
0.7654100000000001
0.7320199999999997
0.53089
0.4409900000000001
0.38037999999999994
0.69253
1.14493
0.7927500000000001
0.6330500000000001
0.7327499999999999