
2.310709999999999
2.202650000000001
2.433910000000001
2.3431300000000004
1.58425
1.9798499999999999
1.3788200000000002
1.4034900000000001
1.7262600000000001
1.7008699999999992
1.6816199999999997
1.4450300000000005
1.7925100000000007
1.8354299999999995
1.6670100000000003
1.8621999999999994
1.4842800000000005
1.5716899999999998
1.7494100000000001
1.6241699999999994
1.8741500000000002
1.4536999999999998
1.6629299999999998
1.3169000000000002
1.4170099999999999
1.8934100000000003
1.4749400000000004
1.9954700000000005
1.3390600000000001
1.37399
1.1016599999999996
1.1178700000000001
1.4739000000000002
1.5124499999999999
1.5305799999999996
1.4666299999999999
1.3863500000000002
1.3061000000000005
1.0422400000000005
0.90545
1.1267300000000005
1.20642
1.2970699999999997
1.0266900000000005
1.3217500000000002
1.3260800000000008
1.2594
1.32703
1.1469799999999999
1.1634199999999995
1.1361999999999997
1.3635599999999997
1.1222799999999997
1.3293200000000005
1.07939
0.8842500000000002
1.0141000000000004
1.5631200000000005
1.0589299999999997
1.44988
1.1897799999999998
1.1284999999999996
1.5267699999999997
1.2433499999999993
1.1760099999999998
0.8791600000000003
1.1535000000000002
1.20157
0.9475399999999999
1.33162
1.08773
0.9873900000000002
1.1107599999999997
1.2389299999999999
0.8565200000000006
1.0613900000000003
1.5684399999999996
0.9621599999999998
1.2626199999999999
1.1511399999999996
1.2515500000000002
0.8454799999999995
0.8684400000000001
1.1473299999999997
1.0615299999999999
1.1032400000000002
1.5844300000000002
1.5661599999999998
1.0597999999999996
1.18214
0.9825100000000002
1.3223800000000006
1.0445499999999996
1.1784600000000003
1.36924
1.3700000000000006
1.4404099999999993
1.6022599999999994
1.4268
1.2352699999999999
1.6047200000000006
1.6874699999999996
1.7032399999999992
1.4912399999999997
1.05812
1.0539899999999998
0.7250699999999999
0.9193900000000003
1.1179400000000002
0.60568
1.1628
0.8090200000000002
1.49013
0.8228
0.93057
1.05464
1.60994
1.0584500000000003
0.7525499999999997
0.5521299999999999
0.7206200000000001
0.9084200000000004
0.9983200000000002
1.20712
0.7604300000000002
1.05783
0.9822699999999999
0.77295
0.8432599999999999
0.8394399999999997
0.8838800000000003
1.0964300000000002
0.8538800000000003
1.05013
1.2504699999999997
1.0305300000000004
1.14148
1.3963799999999997
1.1281600000000003
1.5140500000000006
2.1027
1.4632800000000001
1.4850500000000002
1.3036999999999999
1.3142599999999995
1.22622
1.3045
1.19555
1.4500300000000002
1.2834400000000001
1.1595399999999998
1.1930699999999999
1.1715500000000005
1.363329999999999
1.4187999999999994
1.2768199999999998
1.2449900000000003
1.35526
1.6398299999999992
1.3211500000000007
1.447580000000001
1.16736
1.2259800000000005
1.3596000000000001
1.3235700000000004
1.30807
1.4617099999999998
1.15833
1.4230200000000002
1.5513500000000007
1.4916500000000006
1.3053899999999998
1.30992
1.4477100000000005
1.6141799999999993
1.5061500000000003
1.45098
1.578700000000001
1.42893
1.4768699999999995
1.6768300000000003
1.508680000000001
1.74062
1.551169999999999
1.455000000000001
1.2528899999999998
1.7650800000000004
1.4489200000000002
1.41395
1.2998600000000002
1.20978
1.98698
1.16453
1.00013
1.1403100000000002
1.5474399999999997
1.4141399999999995
2.67818
1.39358
1.6747699999999996
1.5422199999999997
1.47332
1.3463500000000002
1.3725299999999998
1.1940200000000003
1.4911500000000004
1.5911300000000006
1.58783
1.9433200000000002
1.2236299999999998
1.1181599999999996
1.1285400000000003
1.4618400000000003
1.4344700000000001
1.6094099999999996
1.6928300000000005
1.2418199999999997
1.2995199999999998
1.562480000000001
1.4375400000000003
1.0835100000000006
1.6873899999999997
1.51115
1.2082599999999994
1.73304
1.5758200000000004
2.184340000000001
2.1256300000000006
1.3591
0.8605799999999999
0.8991899999999998
1.07312
1.12148
1.3377300000000005
1.26597
1.10597
1.0231000000000001
2.033409999999999
1.3411199999999999
1.4322400000000004
1.3117100000000002
1.1192
1.29692
1.3897500000000003
1.4227799999999997
1.3735899999999994
1.2870199999999996
1.2408000000000006
1.1849099999999995
1.2606499999999998
1.900409999999999
1.3243800000000006
1.3561799999999997
1.6926200000000002
1.59541
1.3027300000000002
1.2766799999999996
1.0033499999999997
0.7879100000000001
0.9117500000000001
0.7141200000000001
0.8164899999999998
0.9908100000000003
1.0509199999999999
0.9289800000000001
1.30314
1.0684399999999998
1.1443800000000004
1.39163
1.6419499999999991
1.2466200000000003
1.30799
1.1738
1.1727600000000005
1.1103800000000001
1.2640999999999998
1.3766999999999998
1.40857
1.57018
1.3457500000000004
1.76387
1.3068799999999998
1.4003
1.5816400000000004
1.2082199999999998
1.5050100000000006
1.6181300000000005
1.4598100000000003
1.7966300000000013
1.3353499999999996
0.97038
1.3006900000000003
1.0279900000000004
0.9666999999999999
0.8763100000000005
1.13951
1.0871499999999998
0.8933800000000004
1.2765399999999998
1.3337
1.09528
1.2523899999999994
1.1173899999999999
1.11435
1.2718800000000001
1.2495699999999994
1.4373500000000001
1.381799999999999
1.39054
1.2033800000000001
0.9548299999999997
1.5690199999999996
1.7714199999999998
1.4148500000000006
1.1616399999999998
0.8281200000000001
1.01995
0.8273600000000001
0.9691100000000001
1.26377
1.41017
1.13022
1.2862899999999997
1.125310000000001
2.4103100000000013
1.2313100000000001
1.2294899999999997
1.26239
1.4185000000000005
1.1448700000000003
1.2705499999999998
1.2660699999999998
2.7980999999999994
1.2096399999999996
1.16953
1.3508100000000007
1.1285999999999998
1.0610700000000002
1.4061200000000003
1.1981899999999999
1.3814400000000004
1.3015900000000002
1.3526899999999995
1.4432999999999998
1.4492000000000003
0.9033499999999993
0.7017999999999998
0.6420600000000003
0.6071300000000001
0.8491699999999995
0.7288300000000005
0.8116900000000001
0.8790999999999997
0.8159200000000004
1.0998399999999997
0.83176
0.55195
1.0624300000000004
1.5793799999999996
1.0585099999999996
0.90201
1.3712400000000002
0.9010899999999998
0.8565500000000003
0.8529100000000004
1.1372200000000001
1.03484
0.8985900000000001
0.5993199999999999
1.0622300000000002
0.66101
0.7845199999999999
0.9103
1.1809300000000003
0.8379100000000002
0.8228399999999999
0.7302500000000001
1.1749200000000006
1.1820299999999997
0.7916199999999997
0.9321600000000001
0.9562400000000001
0.9643
0.6168699999999999
0.4200400000000002
0.46171999999999985
0.7789900000000003
0.6781199999999998
0.5162800000000002
0.9201300000000002
1.0176300000000003
0.9343
0.91223
1.6584400000000008
0.79357
1.2271100000000001
0.7651700000000003
0.8545099999999997
0.8555100000000004
1.0046000000000002
0.73339
0.8965099999999998
1.03218
0.71055
0.6230399999999998
0.6990700000000001
0.9759200000000005
0.7773800000000003
0.68279
0.4370000000000002
0.9715299999999998
0.8269099999999996
0.5534099999999997
0.51157
0.8791100000000001
0.7773599999999997
0.7910900000000001
0.8888300000000002
0.37424999999999997
0.6415300000000002
0.6826499999999999
0.87529
1.1904900000000003
1.0713600000000003
0.6829100000000001
0.6616099999999999
0.54773
0.7832100000000003
0.9312700000000003
0.9406000000000004
0.5665499999999999
0.9837599999999996
0.9049799999999998
0.9251200000000002
0.85485
0.8807999999999996
0.9175600000000004
1.1684199999999998
1.3774199999999996
1.0116399999999997
1.0337999999999998
1.2155100000000003
1.7911599999999999
1.4120300000000001
1.4197199999999994
1.2964200000000003
1.29779
1.2850699999999995
1.3320600000000002
1.0970099999999998
1.1018400000000002
0.9828600000000003
0.8672899999999999
1.0097099999999997
0.89077
0.8699300000000002
1.652730000000001
1.16036
1.0114
1.5557499999999995
1.4724500000000003
1.0798
1.0990999999999997
0.8534200000000003
0.9859499999999999
0.9303299999999999
0.67072
0.5469700000000002
0.8361300000000002
0.8870799999999995
1.244560000000001
0.6636700000000001
1.3211799999999994
1.1664399999999997
1.1026299999999996
1.6079199999999993
1.2266000000000001
1.1469500000000001
1.201240000000001
0.9017099999999998
0.76952
0.6648299999999995
0.82864
0.7132500000000005
0.7982900000000004
0.6194999999999999
0.8874499999999996
0.7275700000000004
0.7981900000000002
1.19038
0.9907200000000005
0.9477299999999999
0.8891399999999997
1.2264
0.80132
0.93814
0.9053899999999999
1.25411
1.1743900000000003
1.0456100000000002
1.1424499999999995
1.0888999999999998
1.1847399999999997
1.07138
1.34333
1.285970000000001
1.5188199999999998
2.3471899999999994
1.4430399999999997
1.3839100000000002
0.9807599999999996
1.9837400000000007
1.3931899999999997
1.1777399999999998
0.9627700000000001
1.2075600000000002
1.20401
1.4110699999999994
1.3090000000000004
1.4297999999999995
1.0706500000000008
1.6437199999999992
1.1753700000000002
1.1916100000000005
1.2877100000000001
1.1388599999999995
1.32053
1.4277300000000002
1.42327
1.3321499999999997
1.5595899999999998
2.0456199999999987
1.23149
1.1700900000000003
1.4922099999999998
1.47159
1.0994199999999998
1.2139100000000003
2.0111499999999998
1.361520000000001
1.3039600000000002
1.1621800000000002
1.1657099999999998
0.60104
0.8783899999999999
0.7433200000000002
0.9839699999999999
0.7087300000000001
1.13267
1.3450000000000006
1.2844799999999998
0.9886399999999993
1.1904400000000006
0.9000599999999999
1.2721899999999997
1.8005399999999994
0.9505100000000002
1.8372500000000003
1.0706800000000003
1.0740699999999999
1.3932499999999999
1.3011000000000001
1.2388299999999999
1.04153
1.4463500000000002
1.0598600000000002
1.1190099999999996
1.1443700000000003
1.1201400000000001
1.3765799999999997
1.2306299999999997
1.30704
2.4102100000000006
2.38017
1.4024299999999996
0.8895199999999999
0.8746499999999997
0.7872699999999996
0.78193
0.8759700000000001
1.0080799999999999
0.8975199999999998
0.8127600000000001
0.9301299999999997
0.55442
0.7302900000000001
0.71854
0.8637099999999998
0.8639999999999999
0.94112
0.7638000000000001
0.6917300000000001
0.9347499999999997
0.8973699999999998
1.4635500000000006
1.26745
1.2075299999999998
1.2038400000000002
1.15143
1.6061
1.4024999999999996
1.68931
1.3753900000000001
0.9058199999999994
1.60428
1.6704099999999995
1.67567
1.2648499999999998
1.3358200000000002
1.8545200000000008
1.02552
1.2667299999999997
1.2715600000000002
1.3566800000000003
1.2993000000000003
1.1974700000000005
0.84682
1.16175
1.30041
0.9660400000000007
0.8699699999999999
1.1495599999999997
1.2217500000000003
1.5075
1.4209600000000007
1.59344
1.2065100000000002
1.56804
1.2631499999999996
1.3716599999999999
1.4044699999999997
1.2368900000000003
1.9597
1.2655500000000002
1.1020900000000002
1.1267300000000002
1.6154300000000001
1.561519999999999
1.8039699999999994
1.2143499999999998
0.83628
0.9501900000000001
0.9166799999999996
0.8723199999999995
1.14611
1.2479199999999997