
2.7302699999999986
3.891389999999999
3.56144
3.3588600000000004
2.16448
1.798559999999999
1.6079099999999997
0.9389500000000005
1.3143600000000004
1.27392
1.2937
0.7527399999999997
0.8416499999999998
1.4314200000000008
1.0122299999999995
1.4932700000000003
1.2813499999999995
0.8156
1.2861800000000005
1.07252
1.3323199999999997
1.0592700000000002
1.2095699999999996
1.2860200000000006
1.3319899999999998
0.9256699999999998
1.1493300000000002
1.13286
1.1284699999999994
1.39295
1.37144
1.3087999999999997
1.7319400000000007
1.0749099999999998
1.4713600000000002
1.6670599999999995
2.64587
1.96167
1.79065
1.4763000000000002
1.06399
1.7324800000000005
1.7156999999999991
1.8667200000000002
1.4576299999999995
2.30019
2.0177000000000005
2.307709999999999
2.1497100000000007
2.7357600000000004
1.7559500000000006
1.7140699999999998
1.9337999999999997
1.53242
1.7387900000000003
1.369070000000001
1.8330600000000004
2.0190200000000003
1.6047899999999995
1.6556500000000014
1.5462999999999996
1.1829300000000003
1.8387300000000002
1.7302600000000004
1.734159999999999
1.6815100000000003
2.1128799999999996
2.00711
2.35286
2.360069999999999
2.05763
1.8787900000000002
1.9839600000000006
1.7436200000000002
2.5853200000000003
1.9718099999999998
1.5553600000000003
1.8598200000000005
1.3255499999999998
1.1448000000000007
1.46638
1.7375700000000007
1.3396500000000002
1.72018
1.6029200000000006
1.8023299999999998
1.0517900000000002
0.9964700000000001
1.29221
1.1199399999999997
1.0813300000000001
1.3001899999999997
1.4972799999999995
1.3349799999999998
1.7327800000000004
1.6511300000000002
1.3457999999999999
1.6099599999999992
0.7016500000000001
1.1368099999999999
1.34533
1.3147399999999996
1.6814099999999994
1.3722299999999998
1.67546
2.0939100000000006
1.62014
1.65766
1.8228999999999997
1.5391500000000011
1.2601100000000003
1.6052899999999999
1.3980300000000006
1.18712
1.19576
1.3856700000000006
1.7312400000000006
1.4416999999999993
1.6690099999999994
1.6068099999999998
1.13049
1.33661
1.8065200000000001
1.22624
1.3570400000000005
2.0276100000000006
1.2949899999999999
1.3057699999999999
1.6914600000000002
1.3098299999999998
1.4282400000000002
1.3209099999999998
1.4223700000000006
1.44781
1.2400800000000003
1.6556899999999999
1.35873
1.1530700000000003
1.35928
1.4597399999999996
1.25383
1.2562499999999996
1.39112
1.6244100000000004
1.1421800000000002
0.9615100000000001
1.5090599999999992
1.17598
1.5888
1.6458399999999989
1.7940799999999988
1.6836000000000002
1.8129299999999997
1.3547899999999995
1.5094100000000004
1.0788299999999997
1.7431599999999998
1.1106399999999998
1.4933800000000006
1.79158
1.3255099999999995
1.4039499999999998
1.5095199999999998
1.5244900000000001
1.390649999999999
1.8346899999999997
1.5330499999999998
1.00361
1.07789
1.1530700000000003
1.4012199999999995
1.4701000000000002
1.6024599999999996
1.2092399999999996
1.4521700000000004
1.3866399999999999
1.7112599999999998
1.7330200000000007
1.6441199999999996
1.6253600000000006
1.4081500000000002
1.35711
1.2215500000000004
1.6016800000000004
1.5903199999999993
1.4819399999999998
1.6424500000000006
1.2672699999999995
1.3305000000000005
1.4330099999999992
1.58669
1.9727199999999996
2.3369499999999994
1.3732900000000003
1.1996299999999998
1.2375199999999997
1.7693000000000005
1.3609499999999994
1.10293
1.37358
1.05753
1.8994700000000009
1.8765399999999992
1.28525
1.92751
1.42787
1.09617
0.9855300000000001
1.30048
1.2904899999999995
1.4341399999999995
1.5435799999999993
1.5518400000000003
1.5272299999999996
1.35784
1.0871100000000002
1.25422
1.21012
1.4555899999999997
1.2321300000000006
1.05682
1.5028999999999997
1.53009
1.3929000000000014
1.3316699999999997
1.3038300000000005
1.85007
1.3725299999999996
1.9237899999999997
1.7140300000000008
1.65371
1.5802399999999994
1.6975999999999996
1.08775
1.5347199999999999
1.8358099999999993
1.79469
1.3087599999999997
1.8784599999999996
1.6467999999999998
1.55682
1.7732199999999998
1.2550000000000003
1.87258
1.4699800000000003
1.7515599999999998
1.4675999999999993
1.947110000000001
1.9915200000000002
1.9527300000000007
1.3929500000000001
1.3253800000000007
1.689669999999999
2.6505799999999997
2.11142
1.43986
2.2425799999999994
1.5619399999999992
1.4566600000000003
1.8948799999999997
1.2768400000000006
1.6289399999999998
1.5011599999999998
2.0245300000000004
1.3850400000000005
1.6722299999999999
2.0495900000000007
1.91197
1.622030000000001
1.4883499999999998
2.0545099999999996
1.1571500000000003
1.6975999999999993
1.5142799999999996
1.8896499999999998
1.7509099999999997
1.3081299999999998
1.527390000000001
1.6932900000000006
1.4199299999999995
1.4547699999999997
1.5201399999999998
1.6914900000000004
1.69428
1.3736400000000004
1.80776
1.5694200000000003
1.5408600000000001
1.3767599999999995
1.4822499999999998
1.7001199999999996
1.5407599999999995
1.6509300000000007
1.2672700000000001
1.7356500000000004
1.33404
2.3165999999999998
1.14614
1.6008299999999989
2.1201000000000008
2.2121599999999995
1.7421599999999997
2.1012100000000005
1.5905200000000002
1.89462
1.7344500000000003
1.7502499999999994
1.35619
1.6686800000000002
2.04191
1.7740900000000002
1.71301
1.4920099999999998
1.9971599999999998
1.5469599999999997
1.6162199999999993
2.0385500000000003
2.1903299999999994
2.0585899999999997
2.1818800000000005
1.7447200000000003
2.0624700000000002
2.8794600000000004
4.151190000000001
4.479350000000001
2.84795
2.875160000000002
2.54422
2.4491100000000006
2.302619999999999
2.19125
1.9622399999999995
1.3511700000000002
1.5531500000000003
0.8894200000000002
2.8968299999999996
1.56415
1.14009
1.4268900000000002
2.4436799999999996
2.9413500000000004
1.3762800000000004
1.6630499999999997
1.5319099999999997
1.45876
1.4620399999999996
1.41074
1.9621900000000005
1.8198599999999998
1.6401599999999996
1.5320400000000003
1.3854800000000003
1.95437
1.25716
1.2515000000000003
1.5379199999999997
2.0850400000000007
1.4887800000000002
1.6710599999999993
1.9849199999999996
1.6959400000000004
1.9679500000000008
1.8225000000000002
1.3377300000000008
1.4462199999999998
1.52116
1.2631899999999996
1.2659300000000002
1.1458199999999998
1.0365900000000001
0.9840200000000003
1.43206
1.18436
0.92864
2.04997
1.66274
1.5376900000000011
1.7821600000000004
1.3314700000000004
1.4804499999999996
1.3134900000000003
1.2465099999999998
1.3623500000000004
1.859860000000001
1.2608100000000007
1.3198599999999998
1.9624099999999998
1.5076400000000003
1.2980300000000005
1.4701
1.2833900000000005
1.0307899999999999
1.1549799999999997
1.5400199999999993
1.5111199999999994
2.0719200000000004
1.25212
0.8320600000000005
1.70474
1.94031
1.4493099999999999
2.4653599999999987
1.28628
1.7450899999999996
1.82564
2.10367
1.54567
1.4966600000000005
1.59161
1.46442
1.9544199999999996
1.30014
1.2514800000000004
1.4718800000000005
1.733919999999999
1.2436199999999997
1.1659
1.5303400000000005
1.6087099999999994
1.3870499999999992
1.2663200000000001
1.7045499999999998
2.4134399999999996
2.294380000000001
1.1384900000000002
1.1095800000000002
1.0257199999999997
1.1305800000000001
1.5205600000000001
1.3288899999999992
1.0691
1.3678199999999998
1.3848400000000003
1.22503
1.00981
0.94607
1.4361899999999996
1.2879900000000004
1.28305
1.0697
1.2132800000000004
1.1425999999999998
0.9692700000000003
1.6763000000000008
1.4407200000000002
1.3592300000000006
1.84572
1.5551299999999997
1.2293599999999993
1.61369
1.5543399999999996
1.3411199999999992
1.1014500000000003
1.5475400000000006
1.8993500000000005
1.8082500000000004
1.33506
1.1521000000000001
1.3733899999999999