0.186
0.476
0.508
0.518
1.404
1.918
3.346
3.426
3.434
4.516
2.554
2.94
4.286
4.644
4.368
2.988
3.992
2.236
0.4
1.736
2.546
3.588
3.182
4.484
3.824
4.42
4.992
5.044
3.694
3.744
4.114
5.022
4.256
3.744
4.696
4.056
3.81
4.078
4.3
4.022
4.006
4.372
4.702
4.522
5.638
4.474
4.726
5.404
6.032
6.766
6.026
5.736
6.522
7.916
6.23
6.93
6.498
6.014
6.504
5.618
5.882
6.664
6.918
8.018
7.696
1.19
0.954
0.298
0.332
0.374
0.304
0.384
0.31
0.47
0.312
0.326
0.356
0.436
1.158
0.62
0.246
0.34
0.152
0.136
0.52
0.632
0.262
0.28
0.348
0.628
0.616
