
0.0
2.4120900000000005
2.9950399999999977
2.96904
3.1321599999999994
3.56789
4.097759999999999
4.3791699999999985
6.144540000000004
5.349870000000002
4.6160000000000005
5.180420000000001
4.664489999999999
5.4272
5.370679999999998
5.787040000000002
5.021959999999998
5.30543
5.635010000000001
4.4155
4.130839999999997
4.269289999999999
4.336190000000001
5.624210000000001
4.166520000000001
4.422800000000002
4.647520000000001
4.877080000000001
6.010630000000001
4.7602400000000005
4.8511299999999995
5.177199999999999
4.796800000000001
5.383409999999998