
1.12463
1.09135
1.3552299999999997
1.3305999999999998
1.3847499999999995
1.1513100000000003
1.1425299999999996
1.3057800000000004
1.4052099999999996
1.4532699999999996
1.1903400000000002
1.2323399999999998
1.2837699999999999
1.5409600000000003
1.2637099999999997
1.3612500000000005
1.5399399999999994
1.2992200000000003
1.2435799999999997
1.4741300000000002
1.34983
1.52503
1.3706100000000003
1.11244
1.3968300000000002
0.9858000000000001
1.4271199999999993
1.32483
1.28092
1.64974
1.55824
1.39137
1.2838599999999998
1.4381099999999998
1.09552
1.6955599999999997
1.2253999999999998
1.0984
1.1490599999999997
1.2445899999999996
1.1975699999999998
1.3213100000000002
1.20723
1.3646299999999996
1.2866400000000002
1.1646300000000003
0.8127199999999998
0.9170099999999997
0.8918600000000001
1.2218400000000003
1.2239099999999998
1.5988199999999992
1.2897300000000005
1.5162899999999997
1.70366
1.15723
1.53031
1.4165400000000004
1.41244
1.2973999999999992
1.46499
1.4648300000000003
1.0050200000000002
1.1238099999999998
1.3606300000000002
1.2732199999999991
1.54474
1.3734800000000005
1.1307600000000002
1.22349
1.7486700000000002
1.5751999999999997
1.3652000000000004
1.6849199999999995
1.18509
1.0205400000000002
1.0606599999999995
1.28684
1.1648000000000003
1.1179700000000001
1.924099999999999
1.4727599999999998
1.2228800000000002
2.4540099999999994
1.2239000000000004
1.25535
1.5507100000000003
1.0548799999999998
1.555149999999999
1.4646300000000003
1.2910099999999998
1.6108899999999997
1.8990500000000003
1.0933499999999998
1.1817599999999995
1.4741299999999997
1.63159
1.6691300000000007
1.34435
1.5270100000000009
1.4720300000000004
1.71516
1.44939
1.3112800000000002
0.9441299999999999
1.04068
1.4585899999999998
1.12005
1.2895899999999998
1.2688499999999996
1.6777099999999998
1.13506
1.2658699999999996
1.2777700000000007
1.6993200000000013
1.2717900000000002
1.5338700000000003
1.86688
1.63816
1.3722799999999993
1.20798
1.33682
1.4951100000000002
1.8000999999999996
1.7021399999999998
1.4841900000000001
1.3039499999999995
1.81494
1.2537400000000005
1.5860100000000004
1.3041199999999997
1.5067399999999997
1.9552100000000003
1.5221500000000001
1.35847
1.2753699999999994
1.4509800000000002
1.39379
1.5276700000000005
1.2179499999999996
1.20268
1.4188999999999998
1.42048
1.3947800000000004
1.4978400000000005
1.0799899999999998
1.1004399999999999
1.36149
1.10818
1.2605500000000003
1.15125
0.9911600000000003
2.1780499999999994
1.4306299999999998
1.3245700000000002
1.3799700000000008
1.4090699999999987
1.3575
1.1945500000000004
1.937290000000001
1.5749199999999999
1.36172
1.6493899999999997
1.5492
1.5099899999999993
1.22809
1.3284799999999999
1.4553400000000005
1.5195199999999998
1.6209399999999996
1.4144799999999997
1.7117100000000005
0.9532300000000004
1.5977299999999994
0.9422099999999999
1.2261700000000004
1.23373
0.8700600000000001
1.2926499999999996
0.98153
1.02954
1.2951300000000001
1.2510700000000001
1.0749300000000002
1.33406
1.24589
1.0556499999999998
1.3616300000000001
1.3342299999999994
1.5896299999999994
1.3021600000000004
1.37201
1.6229200000000013
1.55008
1.6241200000000007
1.34785
1.0577299999999996
1.3651900000000001
1.3820600000000007
1.7327000000000004
1.4347300000000007
1.4686100000000002
1.1325500000000002
1.3787800000000003
1.40289
1.6651899999999995
1.46318
1.439769999999999
1.5929500000000005
1.4203599999999996
1.4843299999999997
1.7399199999999997
1.7713999999999996
1.5640900000000004
1.6730099999999997
1.3960399999999995
1.3479600000000005
1.487009999999999
1.4696999999999998
1.1022999999999994
1.4764399999999998
1.6781300000000008
1.67819
1.4722500000000007
1.41499
1.5306700000000004
1.5519299999999998
1.7739099999999997
1.4124099999999995
1.3704599999999993
1.4125300000000005
1.5640500000000004
1.4623799999999998
1.2500200000000001
1.2289300000000005
1.15708
1.41901
1.4418200000000005
1.4764399999999998
1.27478
1.4344700000000004
1.3647399999999998
1.4168999999999996
1.09381
1.24155
1.7834199999999996
1.3218000000000003
1.55048
0.8989800000000001
1.9554000000000005
1.3129099999999996
1.3912100000000007
1.6138800000000009
1.4064500000000004
1.1602699999999992
1.2804700000000002
1.4522100000000002
1.2963099999999994
1.1713499999999997
1.8329199999999992
1.5202200000000001
1.427179999999999
1.5313999999999999
1.9255999999999989
1.68583
2.0020800000000007
1.3953
1.5754299999999994
1.44355
1.7372499999999997
1.6951400000000008
1.7973600000000014
1.7502799999999998
1.58916
1.3137199999999998
1.8739399999999995
1.7066599999999996
1.7715300000000005
1.61446
1.19212
1.6660000000000006
1.5369600000000005
1.1886000000000003
1.30961
1.2631000000000001
1.0463700000000005
1.3322499999999997
1.38678
1.3942700000000001
1.3584299999999996
1.8327099999999998
1.5275099999999997
2.0812500000000007
1.4226500000000004
1.88103
1.6330400000000005
1.9331599999999995
1.7768499999999998
1.6805
1.7224199999999996
1.86004
1.59753
1.9168899999999995
1.9774799999999992
1.7766399999999993
1.3623499999999995
1.2558700000000003
1.4660100000000005
1.8524
1.5187400000000002
1.3571800000000003
1.3847600000000002
1.4285200000000002
1.5789400000000002
1.9008900000000006
1.3087899999999997
1.7124800000000002
1.4219999999999997
1.7329
1.4815599999999998
2.1568199999999997
1.7202400000000002
0.9224899999999999
2.109530000000001
0.9556899999999999
0.9283399999999997
1.21416
1.2105599999999996
1.24629
1.8259699999999999
1.3232000000000002
1.38719
1.5271299999999997
1.5110599999999998
1.3375499999999996
1.5106899999999999
1.5888799999999998
1.6163999999999996
1.2824699999999998
1.40461
1.43993
1.37635
1.5136300000000003
1.0756399999999997
1.14285
0.8978999999999999
1.3117900000000007
1.1456700000000004
1.26339
1.2471400000000001
1.2805699999999993
1.5806500000000008
1.1638200000000003
0.6681199999999999
1.6117299999999992
1.2956200000000002
1.27973
1.0499799999999997
1.0528500000000003
0.9325600000000003
0.8830300000000001
0.9065199999999994
1.0094600000000002
1.1268500000000001
1.11043
1.2286599999999999
1.31655
1.4725400000000008
1.38404
1.5158699999999998
1.3787000000000007
1.48127
1.26239
1.45978
1.6469500000000001
1.5537299999999998
1.36872
1.12729
0.8294300000000002
0.84033
1.2632800000000004
1.0641800000000001
1.3561699999999999
1.4580499999999994
1.6899099999999996
1.5164400000000002
1.2067500000000002
1.2884400000000005
1.2434699999999996
1.6967
1.2249099999999997
1.426299999999999
1.47672
1.505610000000001
1.3598299999999997
1.3466
1.3428800000000003
1.4551999999999998
1.2211700000000005
1.3394300000000001
1.3754300000000002
1.12813
1.0000700000000002
1.1171299999999995
1.0350599999999999
1.3330199999999996
1.33913
0.7198
1.32762
2.1215
1.8515600000000003
0.82144
1.0238999999999994
0.57919
0.7786499999999998
0.5892499999999998
0.9631799999999998
0.68216
0.7616800000000002
0.8513399999999998
0.9075699999999999
0.9258899999999997
0.7798700000000001
1.1719099999999998
0.8537600000000002
0.5921799999999999
0.6684900000000004
0.9881899999999996
1.1042599999999998
0.4764499999999998
1.13568
1.1201500000000002
0.77625
0.9961699999999999
0.7788999999999998
0.8765099999999997
0.8894999999999997
0.6744699999999999
0.8272200000000002
0.9927699999999996
0.44943999999999995
0.8452900000000002
0.6899900000000001
0.8279099999999999
0.56351
0.8439300000000002
1.30043
1.1681800000000004
0.8783599999999997
1.28155
0.9935900000000002
0.9709200000000001
1.4807700000000006
1.4154200000000001
1.62123
1.2340999999999993
1.3725700000000005
1.2786499999999996
1.25301
1.5322199999999997
1.6794199999999997
1.4474899999999997
1.6208799999999999
1.3574400000000002
1.2224100000000002
1.2328200000000005
0.8249500000000001
1.1344300000000005
1.0158800000000001
1.2850100000000004
1.1388200000000004
1.1679199999999996
1.0748899999999997
1.5231899999999994
1.3897300000000004
1.4070399999999998
1.3056900000000005
1.3475599999999996
1.1459299999999994
1.5190799999999998
1.4487299999999999
1.2485600000000001
1.5358300000000003
1.3211
1.2354400000000003
1.18662
1.3215600000000003
1.1441999999999999
1.4045099999999993
1.3295099999999993
1.5126599999999997
1.35935
1.07689
0.9742799999999997
1.2558300000000002
0.8066099999999997
0.8718700000000001
1.1166500000000001
0.9182799999999997
1.2898700000000003
0.8209900000000002
1.1443799999999997
1.811330000000001
1.0154700000000008
1.0299999999999998
1.12636
1.2802300000000002
0.9835199999999997
0.8926799999999997
1.09739
1.1229999999999993
1.1128599999999995
1.3559999999999997
1.2015600000000002
1.40174
1.4267299999999998
1.06875
0.9883899999999997
1.1463299999999996
1.2231899999999996
1.3658499999999996
1.3447200000000001
1.0944599999999998
0.9123800000000003
1.18063
0.9728600000000001
1.7308500000000004
1.5350799999999998
1.1825400000000004
1.4173900000000001
0.9001899999999999
1.1349800000000003
1.0608799999999996
0.9908499999999999
1.2295899999999995
1.1655799999999998
1.5334399999999997
1.1856
1.2732299999999996
1.0343400000000003
1.2829899999999999