
1.4836700000000003
1.4261700000000002
1.7083600000000003
1.7183100000000002
1.9033800000000003
1.6776600000000004
1.25753
1.2532800000000004
1.46426
1.4844299999999993
1.0600999999999998
1.2189
1.0149199999999998
1.2427099999999998
1.1731200000000004
1.17934
1.2249299999999999
1.2293399999999999
0.9998599999999999
1.5227500000000003
1.3429099999999996
1.1280200000000005
1.4073699999999991
1.0761600000000004
1.14149
1.3117499999999995
1.12687
1.2259300000000002
1.23436
1.0078200000000002
1.01682
0.9258299999999999
0.9635900000000001
1.3563400000000003
1.09051
1.33243
1.2097800000000003
1.0236100000000001
1.00658
1.11395
0.9730299999999997
0.8321799999999997
1.0897399999999997
1.0502399999999998
0.9946799999999999
1.1754799999999999
0.9896400000000003
1.1836799999999996
1.0464599999999995
1.2035399999999996
1.10495
1.03013
1.43204
1.5538999999999994
1.2371299999999998
1.17252
1.36529
1.1996300000000002
1.3273300000000001
1.4400399999999995
1.4841099999999994
1.16199
1.2642100000000003
1.2319500000000003
0.9248299999999997
1.40754
0.9580800000000004
1.0943100000000003
1.17756
1.2078800000000005
1.0844
1.16789
1.1789699999999999
0.9777599999999999
1.1611500000000001
1.2111800000000004
1.10142
1.4171300000000002
0.9792700000000001
1.1600899999999998
1.1643800000000002
1.5135599999999996
1.0189900000000003
1.4542099999999996
1.35792
1.0333700000000006
1.2201000000000002
1.0521100000000005
0.8717500000000002
1.0871300000000002
1.0723600000000004
0.7906400000000003
1.0864600000000002
1.0348099999999998
1.2730700000000001
1.0433700000000004
0.9955500000000004
0.9613500000000001
1.0710299999999997
1.0371599999999999
1.0606799999999996
1.3250700000000004
1.0605700000000002
0.7707600000000001
0.8869400000000002
1.2153099999999997
1.2875699999999997
1.3019199999999997
1.32796
1.4559300000000004
0.9421300000000005
0.9196699999999999