
0.18
0.294
0.436
0.624
0.862
0.69
0.392
0.496
0.434
0.404
0.794
0.95
0.736
0.862
0.54
0.55
0.62
1.572
2.18
3.354
3.898
1.138
2.218
1.378
1.198
1.072
0.276
0.184
0.224
0.162
0.174
0.198
0.19
0.15
0.202
0.194
0.192
0.184
0.188
0.184
0.142
0.09
0.176
0.218
0.142
0.124
0.106
0.186
0.158
0.118
0.156
0.194
0.2
0.214
0.252
0.254
0.248
0.238
0.222
0.194
0.12
0.152
0.122
0.118
0.162
0.164
0.132
0.202
0.256
0.242
0.154
0.224
0.254
0.198
0.234
0.21
0.244
0.17
0.246
0.184
0.208
0.178
0.182
0.212
0.19
0.154
0.172
0.192
0.184
0.178
0.248
0.284
0.304
0.104
0.128
0.146
0.126
0.152
0.198
0.232
0.2
0.208
0.186
0.206
0.192
0.19
0.18
0.21
0.202
0.21
0.2
0.178
0.236
0.082
0.166
0.134
0.158
0.09
0.07
0.144
0.206
0.206
0.382
0.212
0.16
0.216
0.18
0.16
0.182